id	attack1EventPoint	attack2EventPoint	deadEventPoint
int	string	string	string
士兵id	攻击动作事件发生的帧数	攻击动作事件发生的帧数	死亡动作事件发生的帧数
1101	11	1	0
1102	11	1	0
1103	7	11	0
1104	16	1	0
1105	7	1	0
1201	11	11	0
1202	10	8	0
1203	3	27	0
1204	8	8	0
1301	8	7	0
1302	13	13	0
1303	8	6	0
1304	10	12	0
1305	21	12	0
1	0	0	0
2	0	0	0
2101	12	15	0
2102	0	0	0
2103	0	0	0
2104	0	0	0
2105	0	0	0
2201	0	0	0
2202	0	0	0
2203	0	0	0
2204	23	8	0
2301	7	7	0
2302	9	7	0
2303	13	12	0
2304	0	0	0
2305	0	0	0
3101	0	0	0
3102	0	0	0
3103	0	0	0
3201	0	0	0
3202	0	0	0
3301	0	0	0
3302	0	0	0
3303	0	0	0