id	minRank	maxRank	dailyReward
int	int	int	string
ID	最小排名	最大排名	每日奖励掉落
1	1	1	2;101;1800|2;11;300000|2;102;1600
2	2	2	2;101;1680|2;11;280000|2;102;1450
3	3	3	2;101;1560|2;11;260000|2;102;1350
4	4	4	2;101;1440|2;11;240000|2;102;1250
5	5	5	2;101;1380|2;11;230000|2;102;1200
6	6	6	2;101;1320|2;11;220000|2;102;1150
7	7	7	2;101;1260|2;11;210000|2;102;1100
8	8	8	2;101;1200|2;11;200000|2;102;1050
9	9	9	2;101;1140|2;11;190000|2;102;1000
10	10	10	2;101;1080|2;11;180000|2;102;950
11	11	50	2;101;1020|2;11;170000|2;102;900
12	50	100	2;101;960|2;11;160000|2;102;850
13	100	9999	2;101;900|2;11;150000|2;102;800