id	name	exp	totalExp	restitution
int	string	int	int	string
ID(等级)	名字	经验	总经验值	返还
1	默认等级	0	0	0
2	2级	24	24	1;41;1
3	3级	30	54	1;41;2
4	4级	34	88	1;41;3
5	5级	38	126	1;41;4
6	6级	42	168	1;41;5
7	7级	46	214	1;41;6
8	8级	50	264	1;41;7
9	9级	58	322	1;41;9
10	10级	66	388	1;41;10
11	11级	74	462	1;41;12
12	12级	82	544	1;41;14
13	13级	90	634	1;41;16
14	14级	104	738	1;41;19
15	15级	118	856	1;41;22
16	16级	132	988	1;41;25
17	17级	146	1134	1;41;29
18	18级	160	1294	1;41;33
19	19级	184	1478	1;41;37
20	20级	208	1686	1;41;43
21	21级	232	1918	1;41;48
22	22级	256	2174	1;42;11
23	23级	280	2454	1;42;13
24	24级	324	2778	1;42;14
25	25级	368	3146	1;42;16
26	26级	412	3558	1;42;18
27	27级	456	4014	1;42;21
28	28级	500	4514	1;42;23
29	29级	574	5088	1;42;26
30	30级	648	5736	1;42;29
31	31级	722	6458	1;42;33
32	32级	796	7254	1;42;37
33	33级	870	8124	1;42;41
34	34级	1002	9126	1;42;46
35	35级	1134	10260	1;43;11
36	36级	1266	11526	1;43;12
37	37级	1398	12924	1;43;13
38	38级	1530	14454	1;43;15
39	39级	1758	16212	1;43;17
40	40级	1986	18198	1;43;19
41	41级	2214	20412	1;43;21
42	42级	2442	22854	1;43;23
43	43级	2670	25524	1;43;26
44	44级	3072	28596	1;43;29
45	45级	3474	32070	1;43;33
46	46级	3876	35946	1;43;36
47	47级	4278	40224	1;43;41
48	48级	4680	44904	1;43;45
49	49级	5264	50168	1;44;11
50	50级	5848	56016	1;44;12
51	51级	6432	62448	1;44;13
52	52级	7016	69464	1;44;14
53	53级	7600	77064	1;44;16
54	54级	8206	85270	1;44;18
55	55级	8812	94082	1;44;19
56	56级	9418	103500	1;44;21
57	57级	10024	113524	1;44;23
58	58级	10630	124154	1;44;25
59	59级	11542	135696	1;44;28
60	60级	12454	148150	1;44;30
61	61级	13366	161516	1;44;33
62	62级	14278	175794	1;44;36
63	63级	15190	190984	1;44;39
64	64级	16406	207390	1;44;42
65	65级	17622	225012	1;44;46
66	66级	18838	243850	1;44;49
67	67级	20054	263904	1;44;53
68	68级	21270	285174	1;44;58
69	69级	24308	309482	1;44;62
70	70级	27346	336828	1;44;68
71	71级	30384	367212	1;44;74
72	72级	33422	400634	1;44;81
73	73级	36460	437094	1;44;88
74	74级	40104	477198	1;44;96
75	75级	43748	520946	1;44;105
76	76级	47392	568338	1;44;114
77	77级	51036	619374	1;44;124
78	78级	54680	674054	1;44;135
79	79级	58934	732988	1;44;147
80	80级	63188	796176	1;44;160
81	81级	67442	863618	1;44;173
82	82级	71696	935314	1;44;188
83	83级	75950	1011264	1;44;203
84	84级	80810	1092074	1;44;219
85	85级	85670	1177744	1;44;236
86	86级	90530	1268274	1;44;254
87	87级	95390	1363664	1;44;273
88	88级	100250	1463914	1;44;293
89	89级	105720	1569634	1;44;314
90	90级	111190	1680824	1;44;337
91	91级	116660	1797484	1;44;360
92	92级	122130	1919614	1;44;384
93	93级	127600	2047214	1;44;410
94	94级	133676	2180890	1;44;437
95	95级	139752	2320642	1;44;465
96	96级	145828	2466470	1;44;494
97	97级	151904	2618374	1;44;524
98	98级	157980	2776354	1;44;556
99	99级	164056	2940410	1;44;589
100	100级	170132	3110542	1;44;623