id	name	needAssets	needDebris	needProps	restitution	backDebris
int	string	string	string	string	string	int
ID	名字	需要的资源	需要兵种碎片的数量	需要突破令的数量	返还	分解返回碎片数量
1	升星1	4;11;1000|5;11;1000|6;11;1000	4;0|5;0|6;0	4;31;5|5;31;5|6;31;5	2;11;1000|1;31;5	0
2	升星2	4;11;2000|5;11;2000|6;11;2000	4;0|5;0|6;0	4;31;10|5;31;10|6;31;10	2;11;3000|1;31;15	0
3	升星3	4;11;5000|5;11;5000|6;11;5000	4;0|5;0|6;0	4;31;20|5;31;20|6;31;20	2;11;8000|1;31;35	0
4	升星4	4;11;10000|5;11;10000|6;11;10000	4;10|5;10|6;10	4;31;40|5;31;40|6;31;40	2;11;18000|1;31;75	10
5	升星5	4;11;20000|5;11;20000|6;11;20000	4;20|5;20|6;20	4;31;80|5;31;80|6;31;80	2;11;38000|1;31;155	30
6	升星6	4;11;50000|5;11;50000|6;11;50000	4;35|5;35|6;35	4;31;140|5;31;140|6;31;140	2;11;88000|1;31;295	65
7	升星7	4;11;100000|5;11;100000|6;11;100000	4;50|5;50|6;50	4;31;200|5;31;200|6;31;200	2;11;188000|1;31;495	115
8	升星8	4;11;200000|5;11;200000|6;11;200000	4;65|5;65|6;65	4;31;260|5;31;260|6;31;260	2;11;388000|1;31;755	180
9	升星9	4;11;300000|5;11;300000|6;11;300000	4;80|5;80|6;80	4;31;320|5;31;320|6;31;320	2;11;688000|1;31;1075	260
10	升星10	4;11;500000|5;11;500000|6;11;500000	4;95|5;95|6;95	4;31;380|5;31;380|6;31;380	2;11;1188000|1;31;1455	355