id	type	propType	assetType	cardType	props	assets	cards
int	int	int	int	int	string	string	string
掉落组ID	掉落类型	道具掉落类型	资源掉落类型	兵种掉落类型	道具掉落配置	资源掉落配置	卡片掉落配置
1	1	1	1	1	1101;10;50	1;10;50
2	1	2	2	2	1101;10;50|1102;5;50	1;10;50|11;4;50
101	1	2	2	2	0	2;150;10000
201	1	2	2	2	6101;20;2500|6201;20;2500|6301;20;2500|6401;20;2500	0
202	1	2	2	2	6102;10;2500|6202;10;2500|6302;10;2500|6402;10;2500	0
203	1	2	2	2	6103;5;2500|6203;5;2500|6303;5;2500|6403;5;2500	0
204	1	2	2	2	6104;4;2500|6204;4;2500|6304;4;2500|6404;4;2500	0
205	1	2	2	2	6105;3;2500|6205;3;2500|6305;3;2500|6405;3;2500	0
301	1	2	2	2	0	11;20000;10000
401	1	2	2	2	12;10;10000	0
501	1	2	2	2	21;10;10000	0
1011	1	1	1	1	31;5;10000|1204;15;10000	1;50;10000|11;10000;10000
1012	1	1	1	1	31;10;10000|1204;15;10000	1;100;10000|11;20000;10000
1013	1	1	1	1	31;15;10000|1204;20;10000	1;150;10000|11;30000;10000
1021	1	1	1	1	31;5;10000|1301;15;10000	1;50;10000|11;10000;10000
1022	1	1	1	1	31;10;10000|1301;15;10000	1;100;10000|11;20000;10000
1023	1	1	1	1	31;15;10000|1301;20;10000	1;150;10000|11;30000;10000
1031	1	1	1	1	31;5;10000|2102;25;10000	1;50;10000|11;10000;10000
1032	1	1	1	1	31;10;10000|2102;25;10000	1;100;10000|11;20000;10000
1033	1	1	1	1	31;15;10000|2102;30;10000	1;150;10000|11;30000;10000
2111	1	2	2	2	6101;1;10000	13;250;10000
2112	1	2	2	2	6201;1;10000	13;250;10000
2113	1	2	2	2	6301;1;10000	13;250;10000
2114	1	2	2	2	6401;1;10000	13;250;10000
2211	1	2	2	2	6102;1;3500|6101;1;6500	13;250;10000
2212	1	2	2	2	6202;1;3500|6201;1;6500	13;250;10000
2213	1	2	2	2	6302;1;3500|6301;1;6500	13;250;10000
2214	1	2	2	2	6402;1;3500|6401;1;6500	13;250;10000
2221	1	2	2	2	6102;1;10000	13;250;10000
2222	1	2	2	2	6202;1;10000	13;250;10000
2223	1	2	2	2	6302;1;10000	13;250;10000
2224	1	2	2	2	6402;1;10000	13;250;10000
2231	1	2	2	2	6102;1;3500|6102;2;6500	13;250;10000
2232	1	2	2	2	6202;1;3500|6202;2;6500	13;250;10000
2233	1	2	2	2	6302;1;3500|6302;2;6500	13;250;10000
2234	1	2	2	2	6402;1;3500|6402;2;6500	13;250;10000
3000	1	1	1	1	1101;10;50	1;10;50
3001	1	1	1	1	1101;10;50	1;10;50
3002	1	1	1	1	1101;10;50	1;10;50
3003	1	1	1	1	1101;10;50	1;10;50
3004	1	1	1	1	1101;10;50	1;10;50
3005	1	1	1	1	1101;10;50	1;10;50
3006	1	1	1	1	1101;10;50	1;10;50
3007	1	1	1	1	1101;10;50	1;10;50
3008	1	1	1	1	1101;10;50	1;10;50
3009	1	1	1	1	1101;10;50	1;10;50
3010	1	1	1	1	1101;10;50	1;10;50
3011	1	1	1	1	1101;10;50	1;10;50
3012	1	1	1	1	1101;10;50	1;10;50
3013	1	1	1	1	1101;10;50	1;10;50
3014	1	1	1	1	1101;10;50	1;10;50
3015	1	1	1	1	1101;10;50	1;10;50
4011	1	1	1	1	41;10;10000	1;100;10000|11;20000;10000
4012	1	1	1	1	41;10;10000	1;100;10000|11;20000;10000
4013	1	1	1	1	41;10;10000	1;100;10000|11;20000;10000
4021	1	1	1	1	42;10;10000	1;100;10000|11;20000;10000
4022	1	1	1	1	42;10;10000	1;100;10000|11;20000;10000
4023	1	1	1	1	42;10;10000	1;100;10000|11;20000;10000
4031	1	1	1	1	42;20;10000	1;100;10000|11;20000;10000
4032	1	1	1	1	42;20;10000	1;100;10000|11;20000;10000
4033	1	1	1	1	42;20;10000	1;100;10000|11;20000;10000
5001	1	1	1	1	41;10;5000|41;20;5000	0	0
5011	1	1	1	1	0	1;10;5000|1;20;5000	0
5021	1	1	1	1	0	11;10;5000|11;20;5000	0
5031	1	1	1	1	11;10;5000|11;20;5000	0	0