id	name	needAssets	restitution
int	string	string	string
ID(强化等级)	名称	强化所需资源	返还
1	强化1	1;11;40|2;11;30|3;11;30|4;11;30	1;11;40|2;11;30|3;11;30|4;11;30
2	强化2	1;11;50|2;11;40|3;11;40|4;11;40	1;11;90|2;11;70|3;11;70|4;11;70
3	强化3	1;11;60|2;11;50|3;11;50|4;11;50	1;11;150|2;11;120|3;11;120|4;11;120
4	强化4	1;11;70|2;11;50|3;11;50|4;11;50	1;11;220|2;11;170|3;11;170|4;11;170
5	强化5	1;11;70|2;11;60|3;11;60|4;11;60	1;11;290|2;11;230|3;11;230|4;11;230
6	强化6	1;11;90|2;11;70|3;11;70|4;11;70	1;11;390|2;11;310|3;11;310|4;11;310
7	强化7	1;11;120|2;11;100|3;11;100|4;11;100	1;11;510|2;11;410|3;11;410|4;11;410
8	强化8	1;11;160|2;11;120|3;11;120|4;11;120	1;11;670|2;11;530|3;11;530|4;11;530
9	强化9	1;11;190|2;11;150|3;11;150|4;11;150	1;11;850|2;11;680|3;11;680|4;11;680
10	强化10	1;11;220|2;11;170|3;11;170|4;11;170	1;11;1070|2;11;860|3;11;860|4;11;860
11	强化11	1;11;250|2;11;200|3;11;200|4;11;200	1;11;1320|2;11;1060|3;11;1060|4;11;1060
12	强化12	1;11;280|2;11;220|3;11;220|4;11;220	1;11;1600|2;11;1280|3;11;1280|4;11;1280
13	强化13	1;11;310|2;11;250|3;11;250|4;11;250	1;11;1910|2;11;1530|3;11;1530|4;11;1530
14	强化14	1;11;340|2;11;270|3;11;270|4;11;270	1;11;2260|2;11;1800|3;11;1800|4;11;1800
15	强化15	1;11;370|2;11;300|3;11;300|4;11;300	1;11;2630|2;11;2100|3;11;2100|4;11;2100
16	强化16	1;11;410|2;11;330|3;11;330|4;11;330	1;11;3040|2;11;2430|3;11;2430|4;11;2430
17	强化17	1;11;450|2;11;360|3;11;360|4;11;360	1;11;3490|2;11;2790|3;11;2790|4;11;2790
18	强化18	1;11;490|2;11;390|3;11;390|4;11;390	1;11;3970|2;11;3180|3;11;3180|4;11;3180
19	强化19	1;11;530|2;11;420|3;11;420|4;11;420	1;11;4500|2;11;3600|3;11;3600|4;11;3600
20	强化20	1;11;570|2;11;450|3;11;450|4;11;450	1;11;5070|2;11;4050|3;11;4050|4;11;4050
21	强化21	1;11;600|2;11;480|3;11;480|4;11;480	1;11;5670|2;11;4540|3;11;4540|4;11;4540
22	强化22	1;11;640|2;11;510|3;11;510|4;11;510	1;11;6310|2;11;5050|3;11;5050|4;11;5050
23	强化23	1;11;680|2;11;550|3;11;550|4;11;550	1;11;7000|2;11;5600|3;11;5600|4;11;5600
24	强化24	1;11;720|2;11;580|3;11;580|4;11;580	1;11;7720|2;11;6170|3;11;6170|4;11;6170
25	强化25	1;11;760|2;11;610|3;11;610|4;11;610	1;11;8480|2;11;6780|3;11;6780|4;11;6780
26	强化26	1;11;800|2;11;640|3;11;640|4;11;640	1;11;9280|2;11;7420|3;11;7420|4;11;7420
27	强化27	1;11;840|2;11;670|3;11;670|4;11;670	1;11;10120|2;11;8090|3;11;8090|4;11;8090
28	强化28	1;11;880|2;11;700|3;11;700|4;11;700	1;11;10990|2;11;8790|3;11;8790|4;11;8790
29	强化29	1;11;920|2;11;730|3;11;730|4;11;730	1;11;11910|2;11;9530|3;11;9530|4;11;9530
30	强化30	1;11;960|2;11;760|3;11;760|4;11;760	1;11;12870|2;11;10290|3;11;10290|4;11;10290
31	强化31	1;11;990|2;11;800|3;11;800|4;11;800	1;11;13860|2;11;11090|3;11;11090|4;11;11090
32	强化32	1;11;1030|2;11;830|3;11;830|4;11;830	1;11;14890|2;11;11910|3;11;11910|4;11;11910
33	强化33	1;11;1070|2;11;860|3;11;860|4;11;860	1;11;15970|2;11;12770|3;11;12770|4;11;12770
34	强化34	1;11;1110|2;11;890|3;11;890|4;11;890	1;11;17080|2;11;13660|3;11;13660|4;11;13660
35	强化35	1;11;1150|2;11;920|3;11;920|4;11;920	1;11;18230|2;11;14580|3;11;14580|4;11;14580
36	强化36	1;11;1190|2;11;950|3;11;950|4;11;950	1;11;19420|2;11;15540|3;11;15540|4;11;15540
37	强化37	1;11;1240|2;11;990|3;11;990|4;11;990	1;11;20660|2;11;16530|3;11;16530|4;11;16530
38	强化38	1;11;1290|2;11;1030|3;11;1030|4;11;1030	1;11;21950|2;11;17560|3;11;17560|4;11;17560
39	强化39	1;11;1330|2;11;1070|3;11;1070|4;11;1070	1;11;23280|2;11;18620|3;11;18620|4;11;18620
40	强化40	1;11;1380|2;11;1100|3;11;1100|4;11;1100	1;11;24660|2;11;19730|3;11;19730|4;11;19730
41	强化41	1;11;1430|2;11;1140|3;11;1140|4;11;1140	1;11;26090|2;11;20870|3;11;20870|4;11;20870
42	强化42	1;11;1470|2;11;1180|3;11;1180|4;11;1180	1;11;27560|2;11;22050|3;11;22050|4;11;22050
43	强化43	1;11;1520|2;11;1220|3;11;1220|4;11;1220	1;11;29080|2;11;23270|3;11;23270|4;11;23270
44	强化44	1;11;1570|2;11;1250|3;11;1250|4;11;1250	1;11;30650|2;11;24520|3;11;24520|4;11;24520
45	强化45	1;11;1610|2;11;1290|3;11;1290|4;11;1290	1;11;32270|2;11;25810|3;11;25810|4;11;25810
46	强化46	1;11;1670|2;11;1340|3;11;1340|4;11;1340	1;11;33940|2;11;27150|3;11;27150|4;11;27150
47	强化47	1;11;1740|2;11;1390|3;11;1390|4;11;1390	1;11;35670|2;11;28540|3;11;28540|4;11;28540
48	强化48	1;11;1800|2;11;1440|3;11;1440|4;11;1440	1;11;37470|2;11;29980|3;11;29980|4;11;29980
49	强化49	1;11;1870|2;11;1490|3;11;1490|4;11;1490	1;11;39340|2;11;31470|3;11;31470|4;11;31470
50	强化50	1;11;1930|2;11;1550|3;11;1550|4;11;1550	1;11;41270|2;11;33020|3;11;33020|4;11;33020
51	强化51	1;11;2000|2;11;1600|3;11;1600|4;11;1600	1;11;43270|2;11;34620|3;11;34620|4;11;34620
52	强化52	1;11;2060|2;11;1650|3;11;1650|4;11;1650	1;11;45340|2;11;36270|3;11;36270|4;11;36270
53	强化53	1;11;2130|2;11;1700|3;11;1700|4;11;1700	1;11;47460|2;11;37970|3;11;37970|4;11;37970
54	强化54	1;11;2190|2;11;1760|3;11;1760|4;11;1760	1;11;49660|2;11;39730|3;11;39730|4;11;39730
55	强化55	1;11;2260|2;11;1810|3;11;1810|4;11;1810	1;11;51920|2;11;41540|3;11;41540|4;11;41540
56	强化56	1;11;2340|2;11;1870|3;11;1870|4;11;1870	1;11;54260|2;11;43410|3;11;43410|4;11;43410
57	强化57	1;11;2430|2;11;1940|3;11;1940|4;11;1940	1;11;56690|2;11;45350|3;11;45350|4;11;45350
58	强化58	1;11;2520|2;11;2020|3;11;2020|4;11;2020	1;11;59210|2;11;47370|3;11;47370|4;11;47370
59	强化59	1;11;2610|2;11;2090|3;11;2090|4;11;2090	1;11;61830|2;11;49460|3;11;49460|4;11;49460
60	强化60	1;11;2710|2;11;2160|3;11;2160|4;11;2160	1;11;64530|2;11;51630|3;11;51630|4;11;51630
61	强化61	1;11;2800|2;11;2240|3;11;2240|4;11;2240	1;11;67330|2;11;53860|3;11;53860|4;11;53860
62	强化62	1;11;2890|2;11;2310|3;11;2310|4;11;2310	1;11;70220|2;11;56170|3;11;56170|4;11;56170
63	强化63	1;11;2980|2;11;2380|3;11;2380|4;11;2380	1;11;73200|2;11;58560|3;11;58560|4;11;58560
64	强化64	1;11;3070|2;11;2460|3;11;2460|4;11;2460	1;11;76270|2;11;61020|3;11;61020|4;11;61020
65	强化65	1;11;3160|2;11;2530|3;11;2530|4;11;2530	1;11;79440|2;11;63550|3;11;63550|4;11;63550
66	强化66	1;11;3270|2;11;2620|3;11;2620|4;11;2620	1;11;82710|2;11;66170|3;11;66170|4;11;66170
67	强化67	1;11;3400|2;11;2720|3;11;2720|4;11;2720	1;11;86110|2;11;68890|3;11;68890|4;11;68890
68	强化68	1;11;3530|2;11;2830|3;11;2830|4;11;2830	1;11;89650|2;11;71720|3;11;71720|4;11;71720
69	强化69	1;11;3660|2;11;2930|3;11;2930|4;11;2930	1;11;93310|2;11;74640|3;11;74640|4;11;74640
70	强化70	1;11;3790|2;11;3030|3;11;3030|4;11;3030	1;11;97090|2;11;77670|3;11;77670|4;11;77670
71	强化71	1;11;3920|2;11;3130|3;11;3130|4;11;3130	1;11;101010|2;11;80810|3;11;80810|4;11;80810
72	强化72	1;11;4050|2;11;3240|3;11;3240|4;11;3240	1;11;105060|2;11;84040|3;11;84040|4;11;84040
73	强化73	1;11;4170|2;11;3340|3;11;3340|4;11;3340	1;11;109230|2;11;87380|3;11;87380|4;11;87380
74	强化74	1;11;4300|2;11;3440|3;11;3440|4;11;3440	1;11;113530|2;11;90820|3;11;90820|4;11;90820
75	强化75	1;11;4430|2;11;3540|3;11;3540|4;11;3540	1;11;117960|2;11;94370|3;11;94370|4;11;94370
76	强化76	1;11;4580|2;11;3670|3;11;3670|4;11;3670	1;11;122550|2;11;98040|3;11;98040|4;11;98040
77	强化77	1;11;4760|2;11;3810|3;11;3810|4;11;3810	1;11;127310|2;11;101850|3;11;101850|4;11;101850
78	强化78	1;11;4940|2;11;3960|3;11;3960|4;11;3960	1;11;132250|2;11;105800|3;11;105800|4;11;105800
79	强化79	1;11;5120|2;11;4100|3;11;4100|4;11;4100	1;11;137380|2;11;109900|3;11;109900|4;11;109900
80	强化80	1;11;5300|2;11;4240|3;11;4240|4;11;4240	1;11;142680|2;11;114140|3;11;114140|4;11;114140
81	强化81	1;11;5480|2;11;4390|3;11;4390|4;11;4390	1;11;148160|2;11;118530|3;11;118530|4;11;118530
82	强化82	1;11;5660|2;11;4530|3;11;4530|4;11;4530	1;11;153830|2;11;123060|3;11;123060|4;11;123060
83	强化83	1;11;5840|2;11;4670|3;11;4670|4;11;4670	1;11;159670|2;11;127740|3;11;127740|4;11;127740
84	强化84	1;11;6020|2;11;4820|3;11;4820|4;11;4820	1;11;165690|2;11;132550|3;11;132550|4;11;132550
85	强化85	1;11;6200|2;11;4960|3;11;4960|4;11;4960	1;11;171900|2;11;137520|3;11;137520|4;11;137520
86	强化86	1;11;6420|2;11;5130|3;11;5130|4;11;5130	1;11;178310|2;11;142650|3;11;142650|4;11;142650
87	强化87	1;11;6670|2;11;5340|3;11;5340|4;11;5340	1;11;184980|2;11;147990|3;11;147990|4;11;147990
88	强化88	1;11;6920|2;11;5540|3;11;5540|4;11;5540	1;11;191910|2;11;153520|3;11;153520|4;11;153520
89	强化89	1;11;7170|2;11;5740|3;11;5740|4;11;5740	1;11;199080|2;11;159260|3;11;159260|4;11;159260
90	强化90	1;11;7430|2;11;5940|3;11;5940|4;11;5940	1;11;206500|2;11;165200|3;11;165200|4;11;165200
91	强化91	1;11;7680|2;11;6140|3;11;6140|4;11;6140	1;11;214180|2;11;171340|3;11;171340|4;11;171340
92	强化92	1;11;7930|2;11;6340|3;11;6340|4;11;6340	1;11;222110|2;11;177690|3;11;177690|4;11;177690
93	强化93	1;11;8180|2;11;6540|3;11;6540|4;11;6540	1;11;230290|2;11;184230|3;11;184230|4;11;184230
94	强化94	1;11;8430|2;11;6750|3;11;6750|4;11;6750	1;11;238720|2;11;190980|3;11;190980|4;11;190980
95	强化95	1;11;8680|2;11;6950|3;11;6950|4;11;6950	1;11;247400|2;11;197920|3;11;197920|4;11;197920
96	强化96	1;11;8990|2;11;7190|3;11;7190|4;11;7190	1;11;256390|2;11;205110|3;11;205110|4;11;205110
97	强化97	1;11;9340|2;11;7470|3;11;7470|4;11;7470	1;11;265730|2;11;212580|3;11;212580|4;11;212580
98	强化98	1;11;9690|2;11;7750|3;11;7750|4;11;7750	1;11;275420|2;11;220330|3;11;220330|4;11;220330
99	强化99	1;11;10040|2;11;8030|3;11;8030|4;11;8030	1;11;285460|2;11;228370|3;11;228370|4;11;228370
100	强化100	1;11;10400|2;11;8320|3;11;8320|4;11;8320	1;11;295860|2;11;236680|3;11;236680|4;11;236680