id	storeType	group	goods	price	rate
int	int	int	string	string	int
ID	商店类型	道具出售组	商品	出售价格	刷新概率
11001	1	1	1;1101;5	13;100	160
11002	1	1	1;1102;5	13;100	160
11003	1	1	1;1103;5	13;100	160
11004	1	1	1;1104;5	13;100	160
11005	1	1	1;1105;5	13;100	160
11006	1	1	1;1201;5	13;100	160
11007	1	1	1;1202;5	13;100	160
11008	1	1	1;1203;5	13;100	160
11009	1	1	1;1204;5	13;100	160
11010	1	1	1;1301;5	13;100	160
11011	1	1	1;1302;5	13;100	160
11012	1	1	1;1303;5	13;100	160
11013	1	1	1;1304;5	13;100	160
11014	1	1	1;1305;5	13;100	160
11015	1	1	1;2101;5	13;150	160
11016	1	1	1;2102;5	13;150	160
11017	1	1	1;2103;5	13;150	160
11018	1	1	1;2104;5	13;150	160
11019	1	1	1;2105;5	13;150	160
11020	1	1	1;2201;5	13;150	160
11021	1	1	1;2202;5	13;150	160
11022	1	1	1;2203;5	13;150	160
11023	1	1	1;2204;5	13;150	160
11024	1	1	1;2301;5	13;150	160
11025	1	1	1;2302;5	13;150	160
11026	1	1	1;2303;5	13;150	160
11027	1	1	1;2304;5	13;150	160
11028	1	1	1;2305;5	13;150	160
11029	1	1	1;1101;10	13;200	160
11030	1	1	1;1102;10	13;200	160
11031	1	1	1;1103;10	13;200	160
11032	1	1	1;1104;10	13;200	160
11033	1	1	1;1105;10	13;200	160
11034	1	1	1;1201;10	13;200	160
11035	1	1	1;1202;10	13;200	160
11036	1	1	1;1203;10	13;200	160
11037	1	1	1;1204;10	13;200	160
11038	1	1	1;1301;10	13;200	160
11039	1	1	1;1302;10	13;200	160
11040	1	1	1;1303;10	13;200	160
11041	1	1	1;1304;10	13;200	160
11042	1	1	1;1305;10	13;200	160
11043	1	1	1;2101;10	13;300	160
11044	1	1	1;2102;10	13;300	160
11045	1	1	1;2103;10	13;300	160
11046	1	1	1;2104;10	13;300	160
11047	1	1	1;2105;10	13;300	160
11048	1	1	1;2201;10	13;300	160
11049	1	1	1;2202;10	13;300	160
11050	1	1	1;2203;10	13;300	160
11051	1	1	1;2204;10	13;300	160
11052	1	1	1;2301;10	13;300	160
11053	1	1	1;2302;10	13;300	160
11054	1	1	1;2303;10	13;300	160
11055	1	1	1;2304;10	13;300	160
11056	1	1	1;2305;10	13;300	160
11057	1	1	3;1101;1	13;1000	55
11058	1	1	3;1102;1	13;1000	55
11059	1	1	3;1103;1	13;1000	55
11060	1	1	3;1104;1	13;1000	55
11061	1	1	3;1105;1	13;1000	55
11062	1	1	3;1201;1	13;1000	55
11063	1	1	3;1202;1	13;1000	55
11064	1	1	3;1203;1	13;1000	55
11065	1	1	3;1204;1	13;1000	55
11066	1	1	3;1301;1	13;1000	55
11067	1	1	3;1302;1	13;1000	55
11068	1	1	3;1303;1	13;1000	55
11069	1	1	3;1304;1	13;1000	55
11070	1	1	3;1305;1	13;1000	55
11071	1	1	3;2101;1	13;2400	55
11072	1	1	3;2102;1	13;2400	55
11073	1	1	3;2103;1	13;2400	55
11074	1	1	3;2104;1	13;2400	55
11075	1	1	3;2105;1	13;2400	55
11076	1	1	3;2201;1	13;2400	55
11077	1	1	3;2202;1	13;2400	55
11078	1	1	3;2203;1	13;2400	55
11079	1	1	3;2204;1	13;2400	55
11080	1	1	3;2301;1	13;2400	55
11081	1	1	3;2302;1	13;2400	55
11082	1	1	3;2303;1	13;2400	55
11083	1	1	3;2304;1	13;2400	55
11084	1	1	3;2305;1	13;2400	55
12001	1	2	1;13;5	13;200	100
12002	1	2	1;13;10	13;400	100
12003	1	2	1;21;10	13;100	100
12004	1	2	1;21;20	13;200	100
12005	1	2	1;31;10	13;100	100
12006	1	2	1;31;20	13;200	100
12007	1	2	1;43;10	13;200	100
12008	1	2	1;43;20	13;400	100
20001	2	3	1;2101;5	101;150	100
20002	2	3	1;2103;5	101;150	100
20003	2	3	1;2201;5	101;150	100
20004	2	3	1;2302;5	101;150	100
20005	2	3	1;2304;5	101;150	100
20006	2	3	1;2305;5	101;150	100
20009	2	0	1;13;5	101;200	100
20010	2	0	1;13;10	101;400	100
20011	2	0	1;21;10	101;100	100
20012	2	0	1;21;20	101;200	100
20013	2	0	1;31;10	101;100	100
20014	2	0	1;31;20	101;200	100
20015	2	0	1;43;10	101;200	100
20016	2	0	1;43;20	101;400	100
30001	3	0	1;6101;1	102;25	100
30002	3	0	1;6201;1	102;20	100
30003	3	0	1;6301;1	102;20	100
30004	3	0	1;6401;1	102;20	100
30005	3	0	1;6102;1	102;50	100
30006	3	0	1;6202;1	102;40	100
30007	3	0	1;6302;1	102;40	100
30008	3	0	1;6402;1	102;40	100
30009	3	0	1;6103;1	102;100	100
30010	3	0	1;6203;1	102;80	100
30011	3	0	1;6303;1	102;80	100
30012	3	0	1;6403;1	102;80	100
30013	3	0	1;6104;1	102;150	100
30014	3	0	1;6204;1	102;120	100
30015	3	0	1;6304;1	102;120	100
30016	3	0	1;6404;1	102;120	100
30017	3	0	1;6105;1	102;200	100
30018	3	0	1;6205;1	102;160	100
30019	3	0	1;6305;1	102;160	100
30020	3	0	1;6405;1	102;160	100
30021	3	0	1;6106;1	102;250	100
30022	3	0	1;6206;1	102;200	100
30023	3	0	1;6306;1	102;200	100
30024	3	0	1;6406;1	102;200	100
30025	3	0	1;6107;1	102;300	100
30026	3	0	1;6207;1	102;240	100
30027	3	0	1;6307;1	102;240	100
30028	3	0	1;6407;1	102;240	100
30029	3	0	1;6108;1	102;350	100
30030	3	0	1;6208;1	102;280	100
30031	3	0	1;6308;1	102;280	100
30032	3	0	1;6408;1	102;280	100
30033	3	0	1;6109;1	102;400	100
30034	3	0	1;6209;1	102;320	100
30035	3	0	1;6309;1	102;320	100
30036	3	0	1;6409;1	102;320	100