id	name	showAvatar	mapId	master	masterLv	monsterId	fc	monsterLv	passReward	unlockLevel	boxReward	starChecks	pos
int	string	int	int	int	int	int	int	string	string	int	int	string	string
ID	名字	头像是否显示	地形	主将	主将等级	卡组Id	战斗力	卡组参数	道具奖励(id;num|id;num)	解锁关卡	宝箱奖励(掉落组ID)	评星标准	关卡坐标
1	监狱1	0	101	1	1	20101	4800	1;0;1;0;0;0	2;1;100|2;11;10000|2;2;50	2	0	1;2;3	-522;-307
2	监狱2	0	101	2	2	20102	6000	2;0;1;0;0;0	2;1;100|2;11;10000|2;2;50	3	0	1;2;3	-565;-169
3	监狱3	1	101	3	3	20103	6200	3;0;1;0;0;0	2;1;100|2;11;10000|2;2;50	4	1	1;2;3	-458;38
4	监狱4	0	101	1101	4	20104	7200	4;1;1;0;0;0	2;1;100|2;11;10000|2;2;50	5	0	1;2;3	-280;-104
5	监狱5	0	101	1102	5	20105	7500	5;1;1;0;0;0	2;1;100|2;11;10000|2;2;50	6	0	1;2;3	-28;-181
6	监狱6	1	101	1103	6	20106	8100	6;1;10;0;0;0	2;1;100|2;11;10000|2;2;50	7	2	1;2;3	274;-210
7	监狱7	0	101	1104	7	20107	9700	7;1;10;0;0;0	2;1;100|2;11;10000|2;2;50	8	0	1;2;3	106;52
8	监狱8	0	101	1105	8	20108	10000	8;1;10;0;0;0	2;1;100|2;11;10000|2;2;50	9	0	1;2;3	16;195
9	监狱9	1	101	1201	9	20109	10300	9;1;10;0;0;0	2;1;100|2;11;10000|2;2;50	10	1	1;2;3	328;176
10	监狱10	1	102	1202	10	20110	11000	10;1;20;0;0;0	2;1;100|2;11;10000|2;2;50	11	2	1;2;3	599;266
11	血色1	0	103	1203	11	20201	11400	11;1;22;0;0;0	2;1;100|2;11;10000|2;2;50	12	0	1;2;3	-523;-282
12	血色2	0	103	1204	12	20202	11700	12;1;24;0;0;0	2;1;100|2;11;10000|2;2;50	13	0	1;2;3	-256;-251
13	血色3	1	103	1301	13	20203	13900	13;1;26;0;0;0	2;1;100|2;11;10000|2;2;50	14	1	1;2;3	44;-214
14	血色4	0	103	1302	14	20204	14300	14;1;28;0;0;0	2;1;100|2;11;10000|2;2;50	15	0	1;2;3	378;-203
15	血色5	0	103	1303	15	20205	22000	15;2;30;0;1;0	2;1;100|2;11;10000|2;2;50	16	0	1;2;3	589;-66
16	血色6	1	103	1304	16	20206	22400	16;2;32;0;1;0	2;1;100|2;11;10000|2;2;50	17	2	1;2;3	329;18
17	血色7	0	103	1305	17	20207	22800	17;2;34;0;1;0	2;1;100|2;11;10000|2;2;50	18	0	1;2;3	-147;-53
18	血色8	0	103	2101	18	20208	23200	18;2;36;0;1;0	2;1;100|2;11;10000|2;2;50	19	0	1;2;3	-393;35
19	血色9	1	103	2102	19	20209	23600	19;2;38;0;1;0	2;1;100|2;11;10000|2;2;50	20	1	1;2;3	-152;137
20	血色10	1	104	2103	20	20210	28200	20;2;40;0;2;0	2;1;100|2;11;10000|2;2;50	21	2	1;2;3	137;242
21	剃刀1	0	105	2104	21	20301	28700	18;2;36;0;1;0	2;1;100|2;11;10000|2;2;50	22	0	1;2;3	-626;-239
22	剃刀2	0	105	2105	22	20302	29200	19;2;38;0;1;0	2;1;100|2;11;10000|2;2;50	23	0	1;2;3	-397;-314
23	剃刀3	1	105	2201	23	20303	29600	20;2;40;0;2;0	2;1;100|2;11;10000|2;2;50	24	1	1;2;3	-159;-260
24	剃刀4	0	105	2202	24	20304	32000	20;2;40;0;2;0	2;1;100|2;11;10000|2;2;50	25	0	1;2;3	131;-223
25	剃刀5	0	105	2203	25	20305	32500	21;2;42;0;2;0	2;1;100|2;11;10000|2;2;50	26	0	1;2;3	1;-44
26	剃刀6	1	105	2204	26	20306	36800	22;2;44;0;2;0	2;1;100|2;11;10000|2;2;50	27	2	1;2;3	-344;116
27	剃刀7	0	105	2301	27	20307	37300	22;2;44;0;2;0	2;1;100|2;11;10000|2;2;50	28	0	1;2;3	-143;180
28	剃刀8	0	105	2302	28	20308	37800	23;2;46;0;2;0	2;1;100|2;11;10000|2;2;50	29	0	1;2;3	140;154
29	剃刀9	1	105	2303	29	20309	38300	24;3;48;0;2;0	2;1;100|2;11;10000|2;2;50	30	1	1;2;3	397;130
30	剃刀10	1	106	2304	30	20310	46400	25;3;50;0;2;0	2;1;100|2;11;10000|2;2;50	0	2	1;2;3	653;-50