id	name	type	remark	cards
int	string	int	string	string
ID	名字	类型	备注	上阵卡组
1	测试卡组1	0	没有备注	1104;1201;1202;1104;1201;1202
2	测试卡组2	0	没有备注	1202;1303;1305;1202;1303;1305
10101	剧情1章1关	1	没有备注	1104;1105;1202
10102	剧情1章2关	1	没有备注	1101;1102;1201
10103	剧情1章3关	1	没有备注	1101;1204;1101;1204
10104	剧情1章4关	1	没有备注	1104;1105;1104;1105;1104
10105	剧情1章5关	1	没有备注	1201;1204;1201;1204;1201;1204
10106	剧情1章6关	1	没有备注	1304;1302;1305;1304;1302;1305
10107	剧情1章7关	1	没有备注	1101;1303;1102;1101;1303;1102;1101
10108	剧情1章8关	1	没有备注	1104;1202;1102;1201;1101;1204;1102
10109	剧情1章9关	1	没有备注	1101;1303;1102;1101;1103;1102;1101;1105
20101	副本1章1关	2	没有备注	1103;1103;1303;1201
20102	副本1章2关	2	没有备注	1103;1105;1103;1105
20103	副本1章3关	2	没有备注	1201;1203;1201;1202
20104	副本1章4关	2	没有备注	1304;1303;1305;1303;1302
20105	副本1章5关	2	没有备注	1103;1303;1102;1101;1302
20106	副本1章6关	2	没有备注	1104;1202;1102;1201;1101
20107	副本1章7关	2	没有备注	1104;1303;1102;1104;1103;1105
20108	副本1章8关	2	没有备注	1304;1305;1303;1304;1305;1304
20109	副本1章9关	2	没有备注	1304;1105;1202;1304;1305;1203;1304
20110	副本1章10关	2	没有备注	1104;1303;1102;1104;1103;1102;1105;1105
20201	副本2章1关	2	没有备注	1104;1105;1201;1104;1105;1202;1104;1204
20202	副本2章2关	2	没有备注	1101;1303;1102;1201;1101;1303;1102;1201
20203	副本2章3关	2	没有备注	1103;1303;1204;1102;1101;1303;1204;1102
20204	副本2章4关	2	没有备注	1204;1204;1201;1204;1204;1201;1204;1204;1201
20205	副本2章5关	2	没有备注	1104;1202;1102;1201;1101;1204;1102;1202;1102
20206	副本2章6关	2	没有备注	1104;1103;1101;1102;1103;1104;1105;1103;1105
20207	副本2章7关	2	没有备注	1304;1303;1305;1304;1303;1305;1304;1303;1305
20208	副本2章8关	2	没有备注	1101;1303;1102;1101;1103;1102;1101;1105;1201
20209	副本2章9关	2	没有备注	1104;1303;1102;1104;1103;1102;1105;1104;1202;
20210	副本2章10关	2	没有备注	1304;1303;1203;1104;1202;1203;1203;1203;1105;1203
20301	副本3章1关	2	没有备注	1101;1103;1302;1101;1102;1303;1303;1102;1103;1303
20302	副本3章2关	2	没有备注	1101;1201;1204;1101;1201;1204;1101;1102;1201;1204
20303	副本3章3关	2	没有备注	1304;1204;1204;1304;1204;1204;1102;1102;1204;1204
20304	副本3章4关	2	没有备注	1304;1303;1303;1304;1102;1101;1303;1102;1303;1302
20305	副本3章5关	2	没有备注	1304;1303;1304;1303;1102;1204;1101;1204;1101;1201
20306	副本3章6关	2	没有备注	1101;1101;1101;1101;1201;1201;1201;1201;1102;1102
20307	副本3章7关	2	没有备注	1101;1101;1101;1101;1101;1102;1102;1102;1103;1103
20308	副本3章8关	2	没有备注	1101;1303;1303;1101;1303;1303;1101;1102;1303;1303
20309	副本3章9关	2	没有备注	1304;1101;1101;1103;1304;1102;1102;1103;1201;1201
20310	副本3章10关	2	没有备注	1101;1101;1201;1201;1204;1204;1102;1102;1303;1303;1101
30101	官阶战14关	3	没有备注	1104;1302;1101;1303;1102;1203;1101;1303;1102;1101;1203;1303;1102;1105
30102	官阶战13关	3	没有备注	1104;1302;1101;1303;1102;1203;1101;1303;1102;1101;1203;1303;1102
30103	官阶战12关	3	没有备注	1104;1302;1101;1303;1102;1203;1101;1303;1102;1101;1203;1303
30104	官阶战11关	3	没有备注	1104;1302;1101;1303;1102;1203;1101;1303;1102;1101;1203;1303
30105	官阶战10关	3	没有备注	1104;1302;1101;1303;1102;1203;1101;1303;1102;1101;1203
30106	官阶战9关	3	没有备注	1104;1302;1101;1303;1102;1203;1101;1303;1102;1101;1203
30107	官阶战8关	3	没有备注	1104;1302;1101;1303;1102;1203;1101;1303;1102;1101;1203
30108	官阶战7关	3	没有备注	1104;1302;1101;1303;1102;1203;1101;1303;1102;1101;1203
30109	官阶战6关	3	没有备注	1104;1302;1101;1303;1102;1203;1101;1303;1102;1101
30110	官阶战5关	3	没有备注	1104;1302;1101;1303;1102;1203;1101;1303;1102;1101
30111	官阶战4关	3	没有备注	1104;1302;1101;1303;1102;1203;1101;1303;1102
30112	官阶战3关	3	没有备注	1104;1302;1101;1303;1102;1203;1101;1303;1102
30113	官阶战2关	3	没有备注	1304;1105;1202;1304;1305;1203;1304;1105
30114	官阶战1关	3	没有备注	1104;1202;1102;1201;1101;1204;1102;1304
40001	英雄圣殿1层	4	没有备注	1104;1105;1201;1104;1105;1202;1104;1101;1204
40002	英雄圣殿2层	4	没有备注	1104;1105;1201;1104;1105;1202;1104;1101;1204
40003	英雄圣殿3层	4	没有备注	1104;1303;1102;1104;1103;1102;1105;1105;1305;1303
40004	英雄圣殿4层	4	没有备注	1104;1303;1102;1104;1103;1102;1105;1105;1305;1303
40005	英雄圣殿5层	4	没有备注	1304;1303;1203;1104;1202;1203;1203;1203;1105;1203;1301
40006	英雄圣殿6层	4	没有备注	1304;1303;1203;1104;1202;1203;1203;1203;1105;1203;1301
40007	英雄圣殿7层	4	没有备注	1104;1302;1101;1303;1102;1203;1101;1303;1102;1101;1203
40008	英雄圣殿8层	4	没有备注	1304;1303;1203;1104;1202;1203;1203;1203;1105;1203;1301
40009	英雄圣殿9层	4	没有备注	1104;1302;1101;1303;1102;1203;1101;1303;1102;1101;1203
40010	英雄圣殿10层	4	没有备注	1104;1302;1101;1303;1102;1203;1101;1303;1102;1101;1203;1303
40011	英雄圣殿11层	4	没有备注	1104;1302;1101;1303;1102;1203;1101;1303;1102;1101;1203;1303
40012	英雄圣殿12层	4	没有备注	1104;1302;1101;1303;1102;1203;1101;1303;1102;1101;1203;1303;1102
40013	英雄圣殿13层	4	没有备注	1104;1302;1101;1303;1102;1203;1101;1303;1102;1101;1203;1303
40014	英雄圣殿14层	4	没有备注	1104;1302;1101;1303;1102;1203;1101;1303;1102;1101;1203;1303
40015	英雄圣殿15层	4	没有备注	1104;1302;1101;1303;1102;1203;1101;1303;1102;1101;1203;1303
40016	英雄圣殿16层	4	没有备注	1104;1302;1101;1303;1102;1203;1101;1303;1102;1101;1203;1303;1102