id	name	townA	townB	distance	type
int	string	int	int	int	int
ID	名字	A城的ID	B城的ID	两城的距离	类型
11011102	从1101到1102	1101	1102	45	1
11011109	从1101到1109	1101	1109	45	1
11021103	从1102到1103	1102	1103	45	1
11021108	从1102到1108	1102	1108	45	1
11031104	从1103到1104	1103	1104	45	1
11031106	从1103到1106	1103	1106	45	1
11031107	从1103到1107	1103	1107	45	1
11031111	从1103到1111	1103	1111	45	1
11041105	从1104到1105	1104	1105	45	1
11041106	从1104到1106	1104	1106	45	1
11051106	从1105到1106	1105	1106	45	1
11051307	从1105到1307	1105	1307	45	1
11051310	从1105到1310	1105	1310	45	1
11061107	从1106到1107	1106	1107	45	1
11071112	从1107到1112	1107	1112	45	1
11081109	从1108到1109	1108	1109	45	1
11081111	从1108到1111	1108	1111	45	1
11091110	从1109到1110	1109	1110	45	1
11101111	从1110到1111	1110	1111	45	1
11111112	从1111到1112	1111	1112	45	1
11121211	从1112到1211	1112	1211	45	1
11121212	从1112到1212	1112	1212	45	1
12011202	从1201到1202	1201	1202	45	1
12011208	从1201到1208	1201	1208	45	1
12011210	从1201到1210	1201	1210	45	1
12021203	从1202到1203	1202	1203	45	1
12021205	从1202到1205	1202	1205	45	1
12021214	从1202到1214	1202	1214	45	1
12031204	从1203到1204	1203	1204	45	1
12041205	从1204到1205	1204	1205	45	1
12051206	从1205到1206	1205	1206	45	1
12051208	从1205到1208	1205	1208	45	1
12061207	从1206到1207	1206	1207	45	1
12061209	从1206到1209	1206	1209	45	1
12071209	从1207到1209	1207	1209	45	1
12073307	从1207到3307	1207	3307	45	1
12073309	从1207到3309	1207	3309	45	1
12081209	从1208到1209	1208	1209	45	1
12091210	从1209到1210	1209	1210	45	1
12101211	从1210到1211	1210	1211	45	1
12111212	从1211到1212	1211	1212	45	1
12121213	从1212到1213	1212	1213	45	1
12131214	从1213到1214	1213	1214	45	1
12141309	从1214到1309	1214	1309	45	1
12141313	从1214到1313	1214	1313	45	1
13011302	从1301到1302	1301	1302	45	1
13011308	从1301到1308	1301	1308	45	1
13011309	从1301到1309	1301	1309	45	1
13021303	从1302到1303	1302	1303	45	1
13021311	从1302到1311	1302	1311	45	1
13021312	从1302到1312	1302	1312	45	1
13031308	从1303到1308	1303	1308	45	1
13032214	从1303到2214	1303	2214	45	1
13051306	从1305到1306	1305	1306	45	1
13051308	从1305到1308	1305	1308	45	1
13052214	从1305到2214	1305	2214	45	1
13061307	从1306到1307	1306	1307	45	1
13071308	从1307到1308	1307	1308	45	1
13091310	从1309到1310	1309	1310	45	1
13091313	从1309到1313	1309	1313	45	1
13111312	从1311到1312	1311	1312	45	1
13121313	从1312到1313	1312	1313	45	1
21012102	从2101到2102	2101	2102	45	1
21012111	从2101到2111	2101	2111	45	1
21022103	从2102到2103	2102	2103	45	1
21022112	从2102到2112	2102	2112	45	1
21032104	从2103到2104	2103	2104	45	1
21032106	从2103到2106	2103	2106	45	1
21032107	从2103到2107	2103	2107	45	1
21032109	从2103到2109	2103	2109	45	1
21042105	从2104到2105	2104	2105	45	1
21042106	从2104到2106	2104	2106	45	1
21052106	从2105到2106	2105	2106	45	1
21052303	从2105到2303	2105	2303	45	1
21052312	从2105到2312	2105	2312	45	1
21062107	从2106到2107	2106	2107	45	1
21072108	从2107到2108	2107	2108	45	1
21082109	从2108到2109	2108	2109	45	1
21082210	从2108到2210	2108	2210	45	1
21082211	从2108到2211	2108	2211	45	1
21092110	从2109到2110	2109	2110	45	1
21092112	从2109到2112	2109	2112	45	1
21102111	从2110到2111	2110	2111	45	1
21112112	从2111到2112	2111	2112	45	1
22012202	从2201到2202	2201	2202	45	1
22012208	从2201到2208	2201	2208	45	1
22012209	从2201到2209	2201	2209	45	1
22022203	从2202到2203	2202	2203	45	1
22022205	从2202到2205	2202	2205	45	1
22022213	从2202到2213	2202	2213	45	1
22032204	从2203到2204	2203	2204	45	1
22042205	从2204到2205	2204	2205	45	1
22052206	从2205到2206	2205	2206	45	1
22052208	从2205到2208	2205	2208	45	1
22062207	从2206到2207	2206	2207	45	1
22062214	从2206到2214	2206	2214	45	1
22072208	从2207到2208	2207	2208	45	1
22072209	从2207到2209	2207	2209	45	1
22072214	从2207到2214	2207	2214	45	1
22092210	从2209到2210	2209	2210	45	1
22102211	从2210到2211	2210	2211	45	1
22112212	从2211到2212	2211	2212	45	1
22122213	从2212到2213	2212	2213	45	1
22132310	从2213到2310	2213	2310	45	1
22132311	从2213到2311	2213	2311	45	1
23012302	从2301到2302	2301	2302	45	1
23012307	从2301到2307	2301	2307	45	1
23012311	从2301到2311	2301	2311	45	1
23022303	从2302到2303	2302	2303	45	1
23022306	从2302到2306	2302	2306	45	1
23032304	从2303到2304	2303	2304	45	1
23042305	从2304到2305	2304	2305	45	1
23053206	从2305到3206	2305	3206	45	1
23062307	从2306到2307	2306	2307	45	1
23072308	从2307到2308	2307	2308	45	1
23072309	从2307到2309	2307	2309	45	1
23082309	从2308到2309	2308	2309	45	1
23092310	从2309到2310	2309	2310	45	1
23102311	从2310到2311	2310	2311	45	1
23112312	从2311到2312	2311	2312	45	1
31013102	从3101到3102	3101	3102	45	1
31013111	从3101到3111	3101	3111	45	1
31023103	从3102到3103	3102	3103	45	1
31023112	从3102到3112	3102	3112	45	1
31033104	从3103到3104	3103	3104	45	1
31043105	从3104到3105	3104	3105	45	1
31043110	从3104到3110	3104	3110	45	1
31043112	从3104到3112	3104	3112	45	1
31053106	从3105到3106	3105	3106	45	1
31053203	从3105到3203	3105	3203	45	1
31053214	从3105到3214	3105	3214	45	1
31063107	从3106到3107	3106	3107	45	1
31063110	从3106到3110	3106	3110	45	1
31073108	从3107到3108	3107	3108	45	1
31073109	从3107到3109	3107	3109	45	1
31073110	从3107到3110	3107	3110	45	1
31083109	从3108到3109	3108	3109	45	1
31083311	从3108到3311	3108	3311	45	1
31083312	从3108到3312	3108	3312	45	1
31093110	从3109到3110	3109	3110	45	1
31103111	从3110到3111	3110	3111	45	1
31113112	从3111到3112	3111	3112	45	1
32013202	从3201到3202	3201	3202	45	1
32013204	从3201到3204	3201	3204	45	1
32013211	从3201到3211	3201	3211	45	1
32023203	从3202到3203	3202	3203	45	1
32023205	从3202到3205	3202	3205	45	1
32033214	从3203到3214	3203	3214	45	1
32043205	从3204到3205	3204	3205	45	1
32043208	从3204到3208	3204	3208	45	1
32053206	从3205到3206	3205	3206	45	1
32053207	从3205到3207	3205	3207	45	1
32063207	从3206到3207	3206	3207	45	1
32073208	从3207到3208	3207	3208	45	1
32083209	从3208到3209	3208	3209	45	1
32083211	从3208到3211	3208	3211	45	1
32093210	从3209到3210	3209	3210	45	1
32103211	从3210到3211	3210	3211	45	1
32113212	从3211到3212	3211	3212	45	1
32123213	从3212到3213	3212	3213	45	1
32123302	从3212到3302	3212	3302	45	1
32123303	从3212到3303	3212	3303	45	1
32133214	从3213到3214	3213	3214	45	1
33013302	从3301到3302	3301	3302	45	1
33013302	从3301到3302	3301	3302	45	1
33013308	从3301到3308	3301	3308	45	1
33023303	从3302到3303	3302	3303	45	1
33023312	从3302到3312	3302	3312	45	1
33033304	从3303到3304	3303	3304	45	1
33043305	从3304到3305	3304	3305	45	1
33043306	从3304到3306	3304	3306	45	1
33053306	从3305到3306	3305	3306	45	1
33063307	从3306到3307	3306	3307	45	1
33073308	从3307到3308	3307	3308	45	1
33083309	从3308到3309	3308	3309	45	1
33083311	从3308到3311	3308	3311	45	1
33093310	从3309到3310	3309	3310	45	1
33103311	从3310到3311	3310	3311	45	1